spawns:
  default:
    world: 2f992acc-ddc9-46cf-8ff9-182e3e5756c8
    world-name: world
    x: 242.48389455027134
    y: 63.0
    z: 1348.631258321349
    yaw: 179.89999389648438
    pitch: -1.500008225440979
